7030055965
8767572972
8600996670
8767021542
9423066915
9022425319
8554001884
8600522409
8767812843
8788832663
9822259665
9319297977
8530299117
7744804964
7028559516
7822841040
8857060712
9921336948
9158106063
7972716884
9823743971
8767274530
9284919227
9623646362
8180954060
9834735230
8169534597
7888280290
9021503605
9309393441
8669540394
8983410235
8999964804
9766588534
7058498793
9096017720
7385957298
8767300552
9552740516
7020225231
7620007986
8767377573
7774816201
7666873794
7499597013
7249807614