8263914097
9689115784
7558349725
9730498665
8446597810
8830580836
8010369855
8329351103
7499705890
7666541499
7219093531
9699835356
9022858154
9527319575
8010777176
7835912404
8810338854
7058047675
8669020452
8468872116
8275103853
9156696424
9699637939
9309035063
9370684571
9175243234
9209338098
9175739485
8149735464
9423858758
7499773989
9309088131
9061431541
9158232638
7385211899
7498590613
8698122955
8552060946
7249719862
8446019581
8766823007
8830710501
8208173896
9112464363
9284009419
7020954299
9975757510
9420311914
9420188222
7776006311
7397972614
9764573237
7887564133
9665593530
7057711395
8767813471
9325306279
8010941176
9322916951
9307192935