7972218924
7498088759
7743856490
7841009594
7522964047
7741056974
7057815107
8390418913
9623735064
9527963515
9822750953
9284920562
8657499928
8308090946
7517258275
9096256487
8806724960
9545641917
9503826179
9588455280
8767712248
9890695315
7020905351
9657873352
8379870770
9766774239
8421383995
9960662404
8483034761
9075714654
8421975199
8412913219
9049166276
9665062234
9764535795
7709735948
7507157858
7218314530
7264087465
8208948229
7020227644
7218314530
7517924584
7775967184
9022976637
7781043237
8830028424
9325608564
7058384278
7249863505
8793263078
7558399145
9049743479
9423684623
9309163418
9503169625
9834421057
7721834123
9423684623
9309163418
7522911421
8390431907
9067355658
9156906850
9022274740
9359445227
7021269387
9860634431
8379806491
9156537346
9850451606
9011893256
9503728939
8308897991
9834502924
9518726163
9623421416
7410517102
9158788969
9146746225
7743918929
7058317661
7709393462
7038572673
9156758125
9503196698
7558569350
9370793787
7498397195
7350113460
8983140701
7447349894
8669531423
9284153216
9021227698
7498937922
8329681222
9730860779
7721099577
8975356638
9764645069
7218855680
9370443019
9172312689
8788299544
8999893711
9130129741
7776056365
7517853244
7887575649
7020894388
9767699827
8421000128
8669278432
9623670784
9307055074
7875269821
9067285705
9309170692
9373909669
9665399565
8625018578
9022208950
9359377609
7264802894
9370738111
9834239895
9422102627
8421974527
8208418629
8378851094
8446403787
8669432430
9552359491
8087778270
8421999828
7499382022
7887964257
8806458835
7249698463
7972396212
7058598069
9579988103
9823311315
9322824129
8856817303
7397920284
9975777419
7756916040
7058064190
9370152582
7385208936
9067167848
9923354629
8805859703
8805859703
9834237606
7385795262
9145193945
9767280068
7447872489
9766917516
8329146903
7768846208
7588169379
9527900816
7249340741
8421145740
7447843368
9156906252
9823872565
7709745510
9158968439
9096256487
9309964684
9765210660
7507515016
9552948910
9146861923
7756959633
7058125961
7249807616
7385103653
9284322865
8552023158
9403774607
7350702965
8308783687
8378873695
9370614051
9156156381
9067939058
9067939058
8788206358
7218711763
9403737102
7249886960
8989579839
8624087712
8600664186
8208326043
9324583600
8411062770
9527753169
9764386731
9975895906
9158403056
7385150988
8459829877
8805171906
9156888149
9156888149
8007547496
8855028138
9637214991
7559434884
7264094338
9637655398
9145259016
8446237379
9604954820
9130768341
9021546799
9503097249
9049835886
7020319408
8381027907
9689422655
8625908160
9021884663
8605924359
8010223528
9325028947
7767043472
7249535798
9359663179
8975472057
8806516315
9765611158
8855801712
7387328659
8623897326
7385153943
8483917459
7620129892
8855028138
9423401620
9325028947
9422828178
8788046177
7057434642
7219592816