8263914097
9689115784
7558349725
9730498665
8446597810
8830580836
8010369855
8329351103
7499705890
7666541499
7219093531
9699835356
9022858154
9527319575
8010777176
7835912404
8810338854
7058047675
8669020452
8468872116
8275103853
9156696424
9699637939
9309035063
9370684571
9175243234
9209338098
9175739485
8149735464
9423858758
7499773989
9309088131
9061431541
9158232638
7385211899
7498590613
8698122955
8552060946
7249719862
8446019581
8766823007
8830710501
8208173896
9112464363
9284009419
7020954299
9975757510
9420311914
9420188222
7776006311
7397972614
9764573237
7887564133
9665593530
7057711395
8767813471
9325306279
8010941176
9322916951
9307192935
7030055965
8767572972
8600996670
8767021542
9423066915
9022425319
8554001884
8600522409
8767812843
8788832663
9822259665
9319297977
8530299117
7744804964
7028559516
7822841040
8857060712
9921336948
9158106063
7972716884
9823743971
8767274530
9284919227
9623646362
8180954060
9834735230
8169534597
7888280290
9021503605
9309393441
8669540394
8983410235
8999964804
9766588534
7058498793
9096017720
7385957298
8767300552
9552740516
7020225231
7620007986
8767377573
7774816201
7666873794
7499597013
7249807614
9689115784
8329351103
8446597810
7030055965
8767021542
8554001884
8010369855
8857819957
7835912404
9527319575
7744804964
7972716884
9823743971
9284919227
9921336948
7058047675
9158232638
9021503605
9309035063
7498590613
9022425319
9175739485
9552740516
9156696424
9209338098
8767300552
9370684571
8999964804
7666541499
9096017720
9356238476
9699637939
8669540394
7499597013
9423066915
8275103853
7499705890
9319297977
8983410235
9309088131
8468872116
9022858154
9699835356
8530299117
8767377573
8830580836
9766588534
7385957298
7249807614
9061431541
8600522409
8169534597
9623646362
7219093531
9511683092
7558349725
9175243234
7888280290
9730498665
9423858758
7385211899
7822841040
8149735464
8669020452
8010777176
8810338854
7028559516
7774816201
7499773989
8698122955
7620007986
7666873794
8237943078
7020161324
7262887773
7058548510
7499767412
8080946005
7470934347
9325296264
9021933936
9021895510
7350392139
9156411322
9960036782
9588642353
7756881805
9356626160
9307489625
9699154886
9011056259
9529850206
7666623571
9359040953
9860321398
8657304112
9356318870
9527538676
7843945555
7498711373
9921964644
7666455366
7028318740
8390226485
9022353346
7821808947
8767558054
7758992012
9146375066
9665053466
9561795142
9022009474
8767287105
9922277553
9588419280
7709553810
8766801667
9307984568
7843038911
7385680792
9096517058
7020198669
9356829315
9022123172
9579904057
9823033411
9356399176
8380936591
7219429896
9356858076
9322375481
7498570248
9359555184
9322169657
8999207318
9823868354
9657777456
9423260377
9356063563
7057530377
9404088117
8949122605
7471152868
9284888671
9022734703
9175986112
7499965136
9307712638
6302833154
9665894293
7709065192
7218293985
6305229849
9356957418
9730253022
9356207132
9552778437
8308330801
9172080007
9049644909
9699877417
8149240125
7620407357
8767093320
9309310894
9423811893
9834936267
9146630916
9403601193
7709869270
8767060053
8080122182
9370665784
9172276594
9766376251
8767993086
8208948815
9307467318
9309764220
7048846202
9307218618
7558418897
9359052129
7030001042
9067129673
7498213671
9850706126
7666320582
7083082091
9850671298
7058132695
9511206423
7262890549
7498124978
9975053576
7499015150
7387653745
8208328821
7249339078
7057796010
8793801034
1234567891
8010194286
8137928722
9074281662
6200848399
9061355729
9404945258
9172142195
8329623179
9863603104
9657777456
9325296264
7350392139
7470934347
7028318740
9699877417
9370665784
8767287105
9699154886
8237943078
9834936267
9665894293
9665053466
9359040953
8308330801
7666623571
9022353346
9356399176
9011056259
7218293985
8767093320
9022123172
8080946005
8080122182
9022009474
9322169657
7057530377
7756881805
9527538676
8390226485
8767558054
9356957418
7499965136
9356626160
9021895510
9284888671
8767060053
7498711373
8766801667
7620407357
9307489625
9588419280
9172080007
9146630915
7498934547
9423260377
7385680792
9156411322
9356063563
9423811893
9766376251
7249620996
9699722601
9403601193
9145777923
9860321398
9529850206
9309310894
9921964644
9175986112
7020198669
9359555184
9049644908
9022543316
9356318870
8149240125
7843038911
7499767412
8999207318
7821808947
9356957418
9922277553
9359052129
8380945579
6302833154
9356829315
8010847991
9552778437
9404088117
9021933936
7030001042
7058548510
8600073906
7028373062
7709553810
9022746514
8767993086
8080237326
7709065192
7498765517
8657304112
7709869270
9356858076
9322375481
9172512104
9823868354
9022734703
9527319575
7058047675
7744804980
9022858154
9552740516
8446597810
8468872116
8830580836
9850364491
8983410223
7249807614
9022425319
9309035063
9730498665
8208287106
9423858758
9392039202
8600522409
7498590614
9689115784
9699835356
8767021542
7774816201
8169534597
9175243234
9511683092
7972716884
9370684571
7030055965
7558349725
9156696424
9699637939
8149735464
7499597013
8530299117
9309088131
7822841040
9021503605
7385957298
7028559516
9411751547
8379038068
8149290091
9022548233
9370376574
7972668799
7499131035
7378801674
7620824699
7420919755
8261071606
8605303105
9860968691
7083124471
9529320717
8080485677
8262838616
7517473393
9422938750
9326333443
8080954069
9822938830
7498281401
7499376067
8080168827
8275430837
8857901410
9022256429
9119492183
9326836013
9370355311
9579226826
9970092887
8626015473
7796845077
7447296254
8956639754
7709069957
7058099464
8408907551
8623076957
9359422589
7218166862
7218446600
7276519459
8177988349
8669832821
9011476198
9112463370
9156364116
9175777939
9322017465
9322985319
9373773948
9527510882
9527947478
9527980866
9623653321
9764756558
9765452198
9766790867
9767125432
8605607758
9028490754
8668698729
9370631118
8626097990
7020181389
7020299741
7057110347
7057943074
7058816029
7066308823
7249807616
7264817255
7276167466
7350138278
7350463610
7387632822
7498737850
7499036347
7499073458
7499565558
7620036920
7620394965
7666031653
7666922965
7709959842
7741853878
7755953216
7767076872
7767089173
7887677824
7888172529
8010201191
8010378930
8010945174
8177904810
8180860455
8208172896
8237343529
8237990740
8308145753
8308411546
8308935769
8329482067
8378891123
8390480953
8390947058
8407928275
8446062574
8446174256
8483944305
8484904021
8552062279
8554934166
8623009083
8624032681
8624975759
8668973432
8669908400
8767134726
8767660431
8767978089
8788059926
8855937064
8856924505
8956638549
8975959665
8983547710
8999688913
9021725358
9021870737
9028829840
9112284484
9112318072
9112846744
9156035234
9156908711
9307312486
9309826531
9322367476
9322643776
9322798088
9325929904
9356797650
9359180620
9359850536
9370134884
9370153103
9370283763
9370288461
9370525906
9371024323
9422177830
9503485647
9503921717
9503974795
9518333972
9527607168
9545507337
9545575942
9561130538
9579187234
9579332303
9588472213
9637601255
9637903033
9665242598
9665612039
9689225720
9699128948
9764381863
9766591675
9766598284
9822340104
9822536654
9823209539
9823508666
9823837161
9834806942
9834923266
9890889056
9921623484
9922519150
9923065213
9923527378
9923713025
9923990104
9975506000
9975746316
8010945174
8177904810
8180860455
8208172896
8237343529
8237990740
8308145753
8308411546
8308935769
8329482067
8378891123
8390480953
8390947058
8407928275
8446062574
8446174256
8483944305
8484904021
8552062279
8554934166
8623009083
8624032681
8624975759
8668973432
8669908400
8767134726
8767660431
8767978089
8788059926
8855937064
8856924505
8956638549
8975959665
8983547710
8999688913
9021725358
9021870737
9028829840
9112284484
9112318072
9112846744
9156035234
9156908711
9307312486
9309826531
9322367476
9322643776
9322798088
9325929904
9356797650
9359180620
9359850536
9370134884
9370153103
9370283763
9370288461
9370525906
9371024323
9422177830
9503485647
9503921717
9503974795
9518333972
9527607168
9545507337
9561130538
9579187234
9579332303
9588472213
9637601255
9637903033
9665242598
9665612039
9689225720
9699128948
9764381863
9766591675
9766598284
9822340104
9822536654
9823209539
9823508666
9823837161
9834806942
9834923266
9890889056
9921623484
9922519150
9923065213
9923527378
9923713025
9923990104
9975506000
9975746316
7888172529
8010378930
7020181389
7058816029
7066308823
7249807616
7264817255
7276167466
7020299741
7057110347
7057943074
7350138278
7350463610
7387632822
7447863623
7498737850
7499036347
7499073458
7499565558
7620036920
7620394965
7666031653
7666922965
7709959842
7741853878
7755953216
7767076872
7767089173
7887677824
8010201191
7755907262
8767669206
8767275149
7775800561
8530778433
9370301679
9595034388
9970093571
7020444322
7030730670
7038609520
7058756570
7058933157
7219259020
7249637434
7249895144
7350956809
7378312504
7385473157
7385532705
7389812507
7397842243
7447613185
7447844189
7498102109
7498511875
7507439390
7507548014
7507999271
7517090406
7517431162
7517793675
7558244609
7697250831
7709403806
7721802706
7743868159
7745827736
7757871925
7758058514
7796874176
7875173847
7887934824
7888241794
7972085380
7972190515
7972613061
8007116244
8010866758
8010907069
8010951337
8010966529
8055474633
8087317297
8180816539
8261964188
8275105785
8329676611
8329758490
8379049368
8379948106
8446375472
8530597159
8530960407
8554895055
8600102341
8605399606
8625854995
8669595198
8767279513
8767435158
8767484914
8767549078
8767618394
8767765121
8767914118
8767935524
8788031173
8788058109
8788245910
8830391103
8847709571
8855900546
8956169223
8999782361
9021019101
9021541048
9022654940
9075232517
9112180013
9112959406
9130893362
9145149787
9145253758
9156873792
9156976369
9175422051
9175827127
9284269236
9284512622
9284897867
9302900209
9307580971
9322458697
9325336932
6006722489
6200599182
6239322642
6239963614
6300305118
6303508757
6303739598
6305860060
6362101104
6379220930
6392032126
6394945840
6398365744
7020375641
7036161079
7036990356
7038234443
7057886565
7058047843
7058957966
7075392905
7075530204
7200071232
7217457400
7219536189
7259145327
7264915894
7307562254
7337573346
7378331138
7386783928
7396846083
7398576451
7420893290
7498034811
7498602727
7499434664
7499673055
7558658740
7559182654
7569588359
7601099908
7619113851
7619686882
7620677785
7666294629
7666884748
7676165514
7676207859
7688961733
7702258773
7702694185
7735803250
7768009043
7780555134
7816054353
7875224229
7889432262
7892836141
7903766935
7977312314
7989389834
7995064131
7995430477
7995948466
8010387242
8050484452
8050847120
8080931401
8087165160
8087294029
8088581388
8149996746
8185044122
8194081975
8253063607
8264390507
8275256472
8292257903
9699546672
9370873158
9403745013
9359120104
9570381172
8767336309
9921529586
7385093845
9096761965
8010544360
7743880377
8793873920
7558438455
8421715190
9607464241
9112220605
8237849046
7420068129
9423934110
7588766737
9225239116
9172307797
8830694541
9028368367
7768808036
7666846581
9373629993
9730602866
7499614914
7378426580
7058946440
7758938356
9403943352
9764751573
7498779621
9322920711
7666766549
9384679103
9420304318
7821082905
9284969308
9322326017
9356611451
9121647020
9890016940
9302032278
8983492963
9096657306
9356478581
9403681425
9860892299
7058338861
7248979563
7448172700
7666831067
7775950087
8055801629
8262013468
8263003048
8317234467
8767052982
8888766955
9021643752
9057010549
9158534472
9307211564
9307993065
9322512604
9372369249
9607741258
9689643028
9834378539
7972218924
7498088759
7743856490
7841009594
7522964047
7741056974
7057815107
8390418913
9623735064
9527963515
9822750953
9284920562
8657499928
8308090946
7517258275
9096256487
8806724960
9545641917
9503826179
9588455280
8767712248
9890695315
7020905351
9657873352
8379870770
9766774239
8421383995
9960662404
8483034761
9075714654
8421975199
8412913219
9049166276
9665062234
9764535795
7709735948
7507157858
7218314530
7264087465
8208948229
7020227644
7218314530
7517924584
7775967184
9022976637
7781043237
8830028424
9325608564
7058384278
7249863505
8793263078
7558399145
9049743479
9423684623
9309163418
9503169625
9834421057
7721834123
9423684623
9309163418
7522911421
8390431907
9067355658
9156906850
9022274740
9359445227
7021269387
9860634431
8379806491
9156537346
9850451606
9011893256
9503728939
8308897991
9834502924
9518726163
9623421416
7410517102
9158788969
9146746225
7743918929
7058317661
7709393462
7038572673
9156758125
9503196698
7558569350
9370793787
7498397195
7350113460
8983140701
7447349894
8669531423
9284153216
9021227698
7498937922
8329681222
9730860779
7721099577
8975356638
9764645069
7218855680
9370443019
9172312689
8788299544
8999893711
9130129741
7776056365
7517853244
7887575649
7020894388
9767699827
8421000128
8669278432
9623670784
9307055074
7875269821
9067285705
9309170692
9373909669
9665399565
8625018578
9022208950
9359377609
7264802894
9370738111
9834239895
9422102627
8421974527
8208418629
8378851094
8446403787
8669432430
9552359491
8087778270
8421999828
7499382022
7887964257
8806458835
7249698463
7972396212
7058598069
9579988103
9823311315
9322824129
8856817303
7397920284
9975777419
7756916040
7058064190
9370152582
7385208936
9067167848
9923354629
8805859703
8805859703
9834237606
7385795262
9145193945
9767280068
7447872489
9766917516
8329146903
7768846208
7588169379
9527900816
7249340741
8421145740
7447843368
9156906252
9823872565
7709745510
9158968439
9096256487
9309964684
9765210660
7507515016
9552948910
9146861923
7756959633
7058125961
7249807616
7385103653
9284322865
8552023158
9403774607
7350702965
8308783687
8378873695
9370614051
9156156381
9067939058
9067939058
8788206358
7218711763
9403737102
7249886960
8989579839
8624087712
8600664186
8208326043
9324583600
8411062770
9527753169
9764386731
9975895906
9158403056
7385150988
8459829877
8805171906
9156888149
9156888149
8007547496
8855028138
9637214991
7559434884
7264094338
9637655398
9145259016
8446237379
9604954820
9130768341
9021546799
9503097249
9049835886
7020319408
8381027907
9689422655
8625908160
9021884663
8605924359
8010223528
9325028947
7767043472
7249535798
9359663179
8975472057
8806516315
9765611158
8855801712
7387328659
8623897326
7385153943
8483917459
7620129892
8855028138
9423401620
9325028947
9422828178
8788046177
7057434642
7219592816
9284280368
9527477416
8446417037
8007467976
9730376966
9049865418
9370427211
9284801269
7058992887
7385544207
7038770149
7447325819
9975071702
9049087568
9370260832
7276190955
7758096807
8830586264
7798629428
9850847331
8856080568
8668808987
8080187815
7499244021
9075442351
7058296322
8381027907
7499304506
9607828423
7058489787
9975342313
9022376510
7218518410
8308363419
9699566766
7020894388
7262032274
9021880225
8381027907
8855847468
9011526195
9359751884
9665399565
9521774535
7588717527
9370867211
8975643860
8605331168
9665899569
7066680352
8446225327
8806126278
7798966843
9307043655
8530429366
7499537204
8975708220
7757804127
8080753808
7276367379
9545825778
8999027853
9579400187
7798390860
9860558412
7620182560
7385188059
7796423060
7249882337
9881099263
8421000128
9529263627
7875010633
9156729915
8805136344
8551861543
9527079290
9689403462
9860967791
8180839136
9049131867
8552978017
9172679534
8180863884
9359484460
9518528463
8329317810
9284363572
9834737351
9075262751
7385140468
9923020419
7218314530
9373498152
9049504237
8411051362
7823882235
9075734346
7972944873
8379067854
7558640424
9673592508
9909526755
8856087208
8856087208
8446158676
8421470662
7387430194
9359324719
8698494089
7385057625
8381094775
7758039034
7028587428
9309800125
8698890104
8767350569
9730899825
7397932825
8459550740
9075480794
7972855248
9823993797
9960370759
9172322795
8080531947
9730829746
9834245207
9637179620
7666239545
9067792145
7507644994
8390350149
7507644994
7350463480
7821066890
9370343226
9359015997
9665469740
8805198246
9370385546
8208521746
7776056365
9822215401
9922663932
7218016276
9975451306
8177925968
7620936642
8080076328
9370770375
8767705966
8275745385
9049834156
8308583454
8983227589
8411037261
7028617089
8806724960
8999178499
7387515371
8483034795
7499998751
7841074058
7414917108
7888296916
7249434899
7517715204
9823371850
9545613495
8421046926
7276210071
9637728339
9322231581
7620612890
9579070183
9156837643
8180863406
9766026453
9175771824
9307615202
7276114515
8432036682
7887749495
7264944247
9373954418
9359103150
9545502328
7385609931
8999773268
8788206358
9168987840
7058859551
7972240211
8378902539
9370875192
7387430275
8080042390
9579070183
7620685987
7666952812
8999301885
9284912974
7387844718
7517511226
7559401835
9049136368
9309560386
9890246277
9890216814
7020626933
8975761165
7620754505
8830868034
9579930351
7758953056
7972737807
9834312298
7517517656
9503571762
9322148079
7385033880
9112951789
7385749747
9130055547
8010775904
8805094603
8080369366
7887866522
7498405897
9595497959
8855099252
8080258759
9923140126
7499184361
9130355048
9890130647
8381015770
9067976202
8698404424
9011697411
9604463228
8806512068
8208135692
9175271946
7620790550
8177969137
8208181697
7666287384
7767086072
9075405314
7498190321
9309168200
9284203320
7385357068
8263914185
9130186403
9049087568
7219576987
7666497165
9665076177
9021116177
7620941228
7385044185
9689395096
7350063896
8855081719
9850847331
7887355288
9075485019
8485866967
9766196900
9322669351
9146679676
9766617739
8080460388
7559349935
7385628602
6204753262
8999806970
9503409547
8007583808
8482893360
7972200917
9156238747
7387647604
9373449903
7507957550
9527103446
9527106821
8805793574
9823037483
8482802504
8830950864
8657963060
8788910212
9834753883
8605694543
7028733917
9284476595
9579463683
7218788403
9673021471
9405918468
8552914064
7517990547
9561246517
9518914669
9766940698
7499602717
8149526671
8308772790
9284356686
7559462882
9834077238
9172622336
7499901795
9405676485
8600499678
9371245936
7744015571
9579468754
9322238309
7820981533
7498607708
7620084607
9049504237
7821097415
9075179451
8856925831
8550982717
8459532642
9763516822
8668976483
7666246514
9325908526
9307815997
9579562522
7620783660
9689383041
8407942875
7767959127
9699451438
9322215401
7264905087
7758967154
9673436152
7745882210
7058992887
7972133077
7743885990
7385907138
7517823607
7757034022
9763248962
8669014503
7350470689
9561023525
7972429660
9765878971
9529263627
7767079863
7249386719
9307327455
8286661054
8788759860
7057294307
9359629875
8999586423
9022075428
9146029222
9888172922
9561050467
9689367432
9175031402
9156035640
8605801733
9156572038
7385114931
8149176609
7840916581
9325047907
9021859914
7057626674
9370018761
9699071383
8669853046
8805585938
7709189855
7559373721
7709419166
9730414403
7414900118
8855948023
8767600369
8483898869
7448261889
8999866062
7709459993
7499931649
8625823837
7887959683
9096337245
8087990523
7218493623
7028733123
8149176614
8421575412
8855913649
9049804860
8975465735
8459048537
7507069259
7249856378
8390681502
7066391801
8788513649
8482910948
8855939331
7249456430
9156684899
9699937673
9359374079
9970441837
7264944247
8999301885
8698405110
7028494839
9028294660
8669549195
7796189840
9823841311
9011569782
8055214108
9503486342
8208521746
8435641079
9370329857
9370861274
7378663082
916876861
7385646945
9860613786
9284912974
8668360452
9657733367
8010809365
8412928056
8550911842
9130156844
9309365401
74105868744
9834872930
9373018509
9022457192
7758058361
7038463877
9370324242
7517301507
8381027907
7020829422
8551820031
7517486812
7030103564
8830011703
8177969137
8421026892
9119583699
8999958285
8766867791
8830835686
8180998520
9373262935
9763516822
8482827601
9359369631
9307942300
7350819240
8669594760
9096118149
9637929689
8237909646
9975993503
9028333484
8308092110
755939011
7709597528
7057244101
7841898214
9322748962
7620542247
7559373903
8055565160
7721916794
8007102754
9511894497
8956969375
8788451327
9011063641
7083109258
8766479424
9322877923
7767074332
9067511698
9067511698
7276135251
9960469094
7387844718
8623869263
8010295430
9370867211
7058489787
9284984175
7588169379
9359251255
9689792728
9657383537
9561511627
7559374043
8623067496
8767705966
8180865229
7030748857
808728261
8656639754
8999240394
9766775815
7768845094
9112304075
9322528770
8605318987
7820927418
7264927900
7559481416
8625000923
7558586335
9373673590
7350581469
9545432035
7385280508
9322382035
9168088953
8983412701
7620522460
8446203818
9209220121
8010112458
9022541211
9356437260
8007701265
9322937470
7083160738
7709240957
9146610281
7020761086
8180865745
7385532705
9119468427
7219199930
7385773580
9307757394
9322643776
8767781779
8767372913
9923456915
8010378930
9970671368
9834955665
9970305409
7972674716
9359877982
7498754712
9420408160
7888204265
7517301507
8308090946
8329317810
9156905210
7020340575
8766934483
9588458987
7972730913
9049965922
9049965922
8668427748
7666180571
8308145753
7798550807
8010945174
8421028135
7410050953
9975221683
9158788969
8180904935
7391941694
9146275173
9765641372
9146610281
7218455679
9850885341
9422828178
9373344286
9975738115
7709743603
7276167466
9579634345
9970868452
7020181389
7517064650
7385060871
9022527413
8793263078
7276193972
9689783943
9552678844
9730379675
9604734364
9145784066
9373885814
7507630794
8329386059
8055930443
8767413685
9890856784
9049258171
9890612508
9822821099
7820890695
9921895138
8626026987
9823848054
9423565311
9764713767
9823524615
9518730147
8624966115
7058818317
7774918317
8975264518
8208853990
9156494924
7058398292
7558243685
9765950737
8308488242
9175484619
9822821099
9689040858
7796466937
9764713767
8767514798
8329278453
8329278453
9156290644
8411080176
9373699032
9022273212
9096383434
8767336748
9890222668
9834197469
9607874162
8007842261
9307209319
9359458434
7798739273
9860394983
7875498203
8055401962
9370807906
7972613763
7666325175
9834116271
8624057341
8999838926
9922915163
9527607168
9527607168
9403691552
9322483150
8459273282
8390657914
8624976072
7972925403
9607872248
7387604017
9607193085
7276175365
9172953818
9075865567
9049504237
7219200152
8263950055
9623277414
9175639935
9689403462
8550988789
9518932672
8624071205
9860435516
9623638833
9975737462
9975737462
7972218924
7498088759
7743856490
7841009594
7522964047
7741056974
7057815107
8390418913
9623735064
9527963515
9822750953
9284920562
8657499928
8308090946
7517258275
9096256487
8806724960
9545641917
9503826179
9588455280
8767712248
9890695315
7020905351
9657873352
8379870770
9766774239
8421383995
9960662404
8483034761
9075714654
8421975199
8412913219
9049166276
9665062234
9764535795
7709735948
7507157858
7218314530
7264087465
8208948229
7020227644
7218314530
7517924584
7775967184
9022976637
7781043237
8830028424
9325608564
7058384278
7249863505
8793263078
7558399145
9049743479
9423684623
9309163418
9503169625
9834421057
7721834123
9423684623
9309163418
7522911421
8390431907
9067355658
9156906850
9022274740
9359445227
7021269387
9860634431
8379806491
9156537346
9850451606
9011893256
9503728939
8308897991
9834502924
9518726163
9623421416
7410517102
9158788969
9146746225
7743918929
7058317661
7709393462
7038572673
9156758125
9503196698
7558569350
9370793787
7498397195
7350113460
8983140701
7447349894
8669531423
9284153216
9021227698
7498937922
8329681222
9730860779
7721099577
8975356638
9764645069
7218855680
9370443019
9172312689
8788299544
8999893711
9130129741
7776056365
7517853244
7887575649
7020894388
9767699827
8421000128
8669278432
9623670784
9307055074
7875269821
9067285705
9309170692
9373909669
9665399565
8625018578
9022208950
9359377609
7264802894
9370738111
9834239895
9422102627
8421974527
8208418629
8378851094
8446403787
8669432430
9552359491
8087778270
8421999828
7499382022
7887964257
8806458835
7249698463
7972396212
7058598069
9579988103
9823311315
9322824129
8856817303
7397920284
9975777419
7756916040
7058064190
9370152582
7385208936
9067167848
9923354629
8805859703
8805859703
9834237606
7385795262
9145193945
9767280068
7447872489
9766917516
8329146903
7768846208
7588169379
9527900816
7249340741
8421145740
7447843368
9156906252
9823872565
7709745510
9158968439
9096256487
9309964684
9765210660
7507515016
9552948910
9146861923
7756959633
7058125961
7249807616
7385103653
9284322865
8552023158
9403774607
7350702965
8308783687
8378873695
9370614051
9156156381
9067939058
9067939058
8788206358
7218711763
9403737102
7249886960
8989579839
8624087712
8600664186
8208326043
9324583600
8411062770
9527753169
9764386731
9975895906
9158403056
7385150988
8459829877
8805171906
9156888149
9156888149
8007547496
8855028138
9637214991
7559434884
7264094338
9637655398
9145259016
8446237379
9604954820
9130768341
9021546799
9503097249
9049835886
7020319408
8381027907
9689422655
8625908160
9021884663
8605924359
8010223528
9325028947
7767043472
7249535798
9359663179
8975472057
8806516315
9765611158
8855801712
7387328659
8623897326
7385153943
8483917459
7620129892
8855028138
9423401620
9325028947
9422828178
8788046177
7057434642
7219592816
7972218924
7498088759
7743856490
7841009594
7522964047
7741056974
7057815107
8390418913
9623735064
9527963515
9822750953
9284920562
8657499928
8308090946
7517258275
9096256487
8806724960
9545641917
9503826179
9588455280
8767712248
9890695315
7020905351
9657873352
8379870770
9766774239
8421383995
9960662404
8483034761
9075714654
8421975199
8412913219
9049166276
9665062234
9764535795
7709735948
7507157858
7218314530
7264087465
8208948229
7020227644
7218314530
7517924584
7775967184
9022976637
7781043237
8830028424
9325608564
7058384278
7249863505
8793263078
7558399145
9049743479
9423684623
9309163418
9503169625
9834421057
7721834123
9423684623
9309163418
7522911421
8390431907
9067355658
9156906850
9022274740
9359445227
7021269387
9860634431
8379806491
9156537346
9850451606
9011893256
9503728939
8308897991
9834502924
9518726163
9623421416
7410517102
9158788969
9146746225
7743918929
7058317661
7709393462
7038572673
9156758125
9503196698
7558569350
9370793787
7498397195
7350113460
8983140701
7447349894
8669531423
9284153216
9021227698
7498937922
8329681222
9730860779
7721099577
8975356638
9764645069
7218855680
9370443019
9172312689
8788299544
8999893711
9130129741
7776056365
7517853244
7887575649
7020894388
9767699827
8421000128
8669278432
9623670784
9307055074
7875269821
9067285705
9309170692
9373909669
9665399565
8625018578
9022208950
9359377609
7264802894
9370738111
9834239895
9422102627
8421974527
8208418629
8378851094
8446403787
8669432430
9552359491
8087778270
8421999828
7499382022
7887964257
8806458835
7249698463
7972396212
7058598069
9579988103
9823311315
9322824129
8856817303
7397920284
9975777419
7756916040
7058064190
9370152582
7385208936
9067167848
9923354629
8805859703
8805859703
9834237606
7385795262
9145193945
9767280068
7447872489
9766917516
8329146903
7768846208
7588169379
9527900816
7249340741
8421145740
7447843368
9156906252
9823872565
7709745510
9158968439
9096256487
9309964684
9765210660
7507515016
9552948910
9146861923
7756959633
7058125961
7249807616
7385103653
9284322865
8552023158
9403774607
7350702965
8308783687
8378873695
9370614051
9156156381
9067939058
9067939058
8788206358
7218711763
9403737102
7249886960
8989579839
8624087712
8600664186
8208326043
9324583600
8411062770
9527753169
9764386731
9975895906
9158403056
7385150988
8459829877
8805171906
9156888149
9156888149
8007547496
8855028138
9637214991
7559434884
7264094338
9637655398
9145259016
8446237379
9604954820
9130768341
9021546799
9503097249
9049835886
7020319408
8381027907
9689422655
8625908160
9021884663
8605924359
8010223528
9325028947
7767043472
7249535798
9359663179
8975472057
8806516315
9765611158
8855801712
7387328659
8623897326
7385153943
8483917459
7620129892
8855028138
9423401620
9325028947
9422828178
8788046177
7057434642
7219592816
9284280368
9527477416
8446417037
8007467976
9730376966
9049865418
9370427211
9284801269
7058992887
7385544207
7038770149
7447325819
9975071702
9049087568
9370260832
7276190955
7758096807
8830586264
9850847331
8856080568
8668808987
8080187815
7499244021
9075442351
7058296322
7058232826
8381027907
7499304506
9607828423
7058489787
9975342313
9022376510
7218518410
8308363419
9699566766
7020894388
7262032274
9021880225
8381027907
8855847468
9011526195
9359751884
9665399565
9521774535
7588717527
9370867211
