8767669206
9022075428
9359877982
7276114515
9156411322
9022256429
8999964804
7559434884
9121647020
7620542247
8788058109
9112318072
9284363572
8275105785
8421028135
8989579839
7028559516
7758938356
9521774535
8856924505
9527538676
8767336309
8625854995
9822821099
7058818317
7264802894
9158534472
9057010549
7620790550
9579070183
8600664186
9021546799
8855913649
8999773268
8888766955
8624032681
7249719862
8830580836
9156537346
7378312504
9518914669
8600522409
9975895906
9049258171
9370355311
9313808308
9923456915
8208173896
8625018578
7066680352
7058816029
9665062234
7038609520
8308783687
9823508666
8007583808
7755907262
7058489787
8459048537
8805198246
8149996746
9823209539
9423858758
7398576451
9860967791
7840916581
9423260377
8379870770
9356626160
7517301507
9518730147
9322483150
8767978089
9850885341
1234567891
8668360452
9588642353
9766940698
8766479424
8483034761
7887934824
8180954060
8010775904
7058933157
9370260832
9527753169
7248979563
7447872489
9637214991
9860558412
9552740516
7743885990
8446174256
9145259016
9909526755
7619686882
8767914118
9623646362
9823743971
9511206423
9325336932
7075530204
7259145327
9373629993
9307211564
9822536654
8551820031
7385795262
9119492183
7666294629
9359015997
9665076177
9975071702
8468872116
8767052982
7020905351
9657383537
8806516315
7276367379
7385150988
8623067496
8177969137
9890695315
8421145740
9011063641
9096118149
8483944305
9579463683
9356437260
8446597810
8767765121
8177904810
6200848399
9579468754
9373885814
9370665784
8788451327
9921964644
9579562522
7721802706
7666952812
7995430477
9322512604
7972925403
9384679103
7498937922
6303508757
8605331168
9307043655
9503097249
7768845094
9322215401
7387430194
9527963515
7020227644
8625908160
9960469094
7020181389
7385473157
9850364491
9112304075
8767660431
9175771824
8830868034
7780555134
7378663082
7057110347
7666623571
8605924359
8379067854
9021541048
8767712248
9764386731
9156906850
9834378539
8999688913
9699937673
8308583454
9022746514
9145777923
7558640424
8180816539
8605694543
7775950087
7588169379
9527900816
9881099263
7385153943
8855939331
9356611451
9607464241
8087778270
9579988103
9175484619
8669549195
9373909669
8411080176
7249807616
8625823837
8007547496
7774918317
7350063896
8767572972
9370873158
8767060053
9112959406
9307942300
8669540394
9767125432
9156908711
9370738111
9022353346
9529320717
8149176609
8975643860
7888172529
8432036682
7414917108
9665612039
8263003048
8329351103
9322148079
8999240394
9527319575
8237909646
8767549078
9730498665
8698890104
8623009083
7410050953
9307984568
6303739598
6305860060
7385211899
8956169223
8766801667
9022273212
8381027907
7218016276
9359422589
9637655398
7219093531
8421383995
9850451606
7889432262
8956638549
7058099464
9356858076
8624057341
9112463370
7620677785
8329676611
9307218618
8624975759
8261964188
8857060712
9370343226
7977312314
9730860779
9156729915
9579904057
9172312689
8292257903
8055214108
7387604017
8830835686
8208326043
7020340575
8149526671
7775800561
9284203320
9359555184
9699071383
7558586335
8600996670
9922915163
8055474633
8554934166
7721834123
9145784066
9823311315
7396846083
8080485677
9325908526
7843038911
8007116244
7307562254
9370684571
9302900209
9309560386
8390418913
9075865567
8810338854
9172322795
8483034795
8788513649
7758992012
7038234443
9075179451
8010809365
7887959683
9370443019
7385188059
9765878971
7499901795
7219259020
9067976202
9518932672
7620824699
8767935524
6362101104
9579332303
7888241794
9860321398
7498590613
7758953056
8975264518
7276210071
8080237326
9096337245
7507069259
8767705966
7499036347
9579400187
9764713767
7972613763
8180998520
9503409547
9411751547
7498754712
9403737102
7558349725
9503974795
9075480794
9834737351
8407928275
7038463877
7697250831
9074281662
8208172896
9370134884
7498397195
9561511627
8657304112
7666766549
9284476595
9527947478
7057434642
9970671368
7498779621
9890016940
9921529586
9156873792
9130055547
9960370759
7498570248
7276175365
7057796010
9527980866
7499073458
7620129892
8975761165
8999838926
9834872930
9689395096
7796845077
8421999828
7972085380
7057626674
8767279513
9112180013
9665593530
7020829422
7058598069
8482802504
8830586264
7709240957
9146861923
7774816201
7036990356
9067167848
9309088131
8626015473
9699154886
7414900118
7989389834
7498765517
7030103564
9588419280
7709735948
6302833154
9049834156
8767300552
8766867791
8180865745
9764535795
8482827601
7264927900
7601099908
9011697411
9588455280
7892836141
9922663932
7276190955
8308935769
8983410235
7666455366
9067129673
8550988789
6200599182
8623869263
8378873695
8983412701
7743880377
7816054353
7758967154
7499767412
7397842243
7821066890
8055801629
9067285705
9975993503
8999207318
9356478581
9637728339
7218314530
7972668799
7676207859
9011526195
8050847120
9359751884
7798390860
9022527413
7249339078
9146630915
7517486812
7559373903
8482910948
7020444322
8421575412
9356207132
9156888149
7558658740
8605801733
8459829877
9146746225
7350819240
9834116271
7057815107
7249807614
9689643028
9172307797
7709743603
7038572673
7276135251
7558438455
9607193085
8149240125
8010201191
8055930443
9767280068
9545432035
9175639935
7058398292
9322824129
7499705890
7385957298
8459550740
8806724960
7666497165
9823371850
7219576987
7498511875
7385544207
7721099577
8625000923
7038770149
7499537204
7887677824
9921623484
8698405110
9325306279
8856817303
9370324242
9604463228
9922277553
9021643752
8805094603
9921336948
7507957550
7385646945
9730379675
7218855680
9975777419
8263950055
9579187234
7387653745
7030001042
7498190321
7385060871
8669014503
7499931649
9371245936
9175986112
8421715190
9061431541
8329278453
9689383041
7758058514
8983492963
9022457192
9049743479
9322798088
8999301885
9112846744
9146630916
7264817255
9860968691
9356797650
7385140468
8329623179
7841074058
7972240211
8262013468
7058232826
9307467318
7218446600
9370631118
8767435158
9923020419
8237943078
7387647604
8788832663
8208328821
8668427748
7887749495
9370861274
9146029222
8767812843
9022425319
8390657914
8983140701
7498737850
9156364116
7743856490
6006722489
9823033411
7768808036
8264390507
9527607168
8788245910
9049136368
9158968439
8767413685
9370427211
7020761086
8788206358
9307815997
7507630794
9372369249
9373018509
7058384278
9923713025
9284897867
9975221683
8407942875
9370385546
7058296322
8767781779
9834923266
7498034811
6394945840
9423066915
9067511698
9420188222
7083109258
7350470689
7447613185
8308145753
7517473393
9699835356
7058317661
9607872248
7559374043
8390681502
9370288461
8669020452
7767089173
9561246517
8010866758
7875498203
9405676485
9284322865
7057711395
7972200917
7875224229
9322937470
7517793675
9370376574
8308897991
7387844718
7517715204
9404088117
9665399565
8806126278
7972716884
7350463610
9588458987
8788910212
9923140126
9284801269
8999893711
7385907138
7410517102
9168088953
7887575649
9823848054
9172512104
7558569350
8530597159
8484904021
8275103853
8087990523
9689040858
9403681425
9863603104
9359374079
7020225231
7666287384
7755953216
9970093571
9096256487
9119583699
7709869270
7385103653
7020626933
7517064650
9049865418
8983547710
8329758490
7666180571
8855081719
7781043237
7264944247
8623076957
7517090406
7021269387
9545613495
8485866967
8766934483
9823993797
8378891123
7735803250
7757871925
9067939058
9503571762
8605318987
9529263627
9699566766
7507548014
8788299544
8263914185
7447325819
7995948466
8381015770
9307209319
7822841040
7767079863
8975465735
7249856378
7385680792
7028373062
8262838616
9359377609
9422102627
9545641917
7378801674
9021870737
9156494924
7386783928
7499614914
9049965922
8275430837
9325047907
8010941176
9322169657
8554895055
9373773948
9689367432
7028733123
8530299117
7350113460
9420304318
8668976483
9764573237
7337573346
8855847468
8805585938
7676165514
9011056259
8010295430
8459532642
9028333484
8379038068
8408907551
9359052129
7709459993
9359850536
9673021471
7385057625
9420408160
9021933936
8010387242
7276519459
7028733917
8669595198
9359458434
9145253758
7666031653
7058338861
9049644908
9021227698
9067792145
8308772790
7820927418
9370807906
8180839136
7821097415
8435641079
9359369631
8600102341
9146375066
7249886960
8208181697
9322367476
9373673590
9373954418
8317234467
9175739485
7020375641
7387430275
8446062574
9370329857
9503728939
9970868452
8767618394
9730899825
9699546672
8552023158
7020319408
9309800125
9637179620
9422828178
8390350149
8087317297
7507644994
9834502924
9405918468
9175031402
9172080007
9975342313
9561050467
9422177830
9370152582
8378851094
8421974527
9022858154
9158788969
8999586423
9322375481
9822259665
8286661054
7264094338
7262032274
8805171906
8010112458
7559481416
7420068129
7767959127
9823868354
7887355288
8379049368
7020954299
7972396212
9322643776
7820981533
7558243685
7028587428
9172679534
7058859551
8975708220
8253063607
7498281401
9307615202
9156684899
8657963060
7756916040
8856925831
9511894497
8010951337
8329681222
7767043472
7666922965
9657777456
9579634345
9322528770
8308090946
9284888671
9860634431
8010945174
7499602717
9766588534
9172276594
9673592508
7264087465
7620685987
9309365401
7666846581
8329386059
7972855248
8767558054
7498124978
9284969308
7559462882
9765452198
7666873794
9403943352
9373699032
7620936642
8767813471
7058498793
9699128948
9061355729
8208521746
7768846208
8999178499
6204753262
9322877923
7066308823
7057294307
7709069957
9766376251
9172622336
7058125961
8329317810
8446225327
9284919227
9371024323
9225239116
7219592816
7887564133
7758096807
9767699827
7448261889
7447296254
7249698463
9689422655
7385044185
7218455679
9156238747
7499015150
9370614051
7767076872
9356399176
8830694541
7620612890
9730253022
7517990547
7083124471
7666831067
8855937064
7507439390
8668698729
9890246277
9284984175
9096517058
8999806970
9158232638
8411037261
9156290644
9130129741
8446403787
9764381863
9021116177
9730414403
7841009594
8149176614
8552062279
8007701265
9834735230
8856080568
9545575942
9112464363
8767021542
7620941228
7972613061
9607741258
7385033880
9637601255
7721916794
7387632822
7841898214
8080946005
7264915894
7249620996
7709745510
9890889056
7020894388
9834077238
7058992887
8767287105
8767993086
8177988349
9503169625
8010223528
9096761965
7350956809
9356063563
9309163418
9022009474
9307192935
8087165160
9322669351
9309170692
9665469740
9028829840
7776056365
8999027853
7843945555
8208287106
8975356638
9319297977
7588766737
9689225720
8080122182
9022976637
9022541211
7218166862
7378331138
8793873920
9975053576
8788759860
7058946440
7387328659
8669908400
9518333972
9595497959
7972730913
8605607758
9112951789
9545507337
9112220605
7820890695
7745882210
9325296264
9096657306
7666239545
9689783943
9370770375
7498405897
8855099252
9822938830
8208135692
8308330801
9766617739
7702694185
7420919755
7249882337
9403774607
7743868159
7666320582
9403745013
9359103150
9322017465
8087294029
7447843368
9665894293
9503485647
9284280368
8177925968
9156905210
8080187815
9423401620
8669594760
9119468427
9922519150
8805793574
8412928056
8669531423
9021019101
7498711373
9307993065
9356318870
7995064131
8010777176
8600073906
7385093845
8830710501
7385280508
7620783660
7470934347
8669832821
7058756570
7887866522
9011476198
8806458835
9623670784
8605399606
7499376067
7709065192
9822215401
7498607708
8624071205
9359180620
7972218924
7447844189
9307712638
7057530377
9284153216
9130893362
9322985319
9049804860
9518528463
9130355048
9175827127
7448172700
9373344286
9322231581
8805136344
9284009419
7559349935
9022734703
8767372913
9970441837
8669278432
9130768341
7741056974
7058957966
8007467976
8261071606
9325929904
9527477416
8767134726
7709553810
7666325175
7798550807
8668973432
7499304506
7057886565
8208418629
9021895510
9284356686
7756959633
9075485019
8806512068
7744015571
9860613786
8446417037
8007102754
8552914064
7218493623
8551861543
7397920284
9890216814
9766775815
7745827736
7498590614
9158106063
9834237606
6392032126
7835912404
8605303105
9359663179
8378902539
9860892299
9850706126
7057244101
9898975803
9322458697
8185044122
9823841311
9673436152
9356829315
6239963614
9325608564
9022208950
7219536189
9822340104
9326836013
9370525906
8855028138
9561130538
9049087568
9527103446
7498934547
9764756558
9970305409
8308411546
8857819957
7028318740
9156572038
8857901410
7620036920
8698404424
7499244021
9284512622
9518726163
7249895144
7821082905
7798629428
8600499678
7688961733
7498088759
9834197469
8263914097
8669432430
7768009043
8552978017
9302032278
9579226826
7744804964
7058548510
9359445227
7558399145
9588472213
9112284484
9822750953
8983227589
8766823007
7471152868
9156837643
9049644909
9075734346
8554001884
7030055965
8421975199
7499565558
9175271946
9975506000
6379220930
9156035640
9373498152
9834806942
9689115784
8805859703
9322748962
8180865229
9970092887
9860394983
8308092110
7972429660
9699722601
9075405314
9552359491
9834245207
9359324719
8669853046
7385609931
9834421057
7569588359
8421026892
9021503605
9764645069
7743918929
9637903033
8308488242
7517511226
9172953818
8956639754
9423811893
7666246514
9604734364
8010378930
8237849046
8080954069
9766598284
9423684623
9324583600
8080531947
9766774239
7559401835
9049166276
9322326017
8237343529
9975738115
8275745385
9665242598
7276167466
7048846202
9503196698
9307055074
8237990740
9561795142
7262887773
9130156844
8999958285
9960036782
8626026987
9356957418
7498602727
7499184361
8856087208
9422938750
9890222668
7020161324
7558244609
9765611158
7218518410
8308363419
8194081975
9834936267
7620407357
9075442351
8380936591
8010194286
7264905087
9130186403
8698122955
7262890549
8949122605
7588717527
8446019581
9146610281
7020299741
9579930351
8390480953
8793263078
8421000128
9156156381
9307312486
7758039034
8137928722
7249434899
9561023525
7385773580
9766026453
9766591675
9096017720
9730602866
9423565311
8698494089
9309168200
7972133077
8956969375
9172142195
7066391801
9022548233
8483917459
7741853878
7517924584
7389812507
7391941694
9595034388
9765210660
8169534597
8208948815
9623277414
8446158676
8656639754
9975737462
7559373721
8275256472
9975451306
9503486342
7447863623
9022123172
8080931401
8010369855
7620007986
9096383434
8390431907
7030730670
7709403806
7972190515
9888172922
9307757394
9392039202
7796189840
9860435516
9370018761
8855801712
9146679676
7517258275
8379948106
7620754505
8411062770
9049835886
9850847331
8975472057
7620522460
8788059926
9552778437
8767093320
7522964047
9607828423
7888204265
7903766935
7776006311
8390226485
8767514798
9975746316
9359484460
9763516822
7020198669
9175422051
7350702965
7219429896
8390947058
9175777939
6300305118
9307327455
7709959842
7507157858
7620182560
7796423060
9156696424
9890856784
7821808947
9021884663
9890130647
8380945579
9730376966
9689792728
9960662404
9923354629
7499434664
8999782361
8668808987
7559182654
9309035063
7499597013
7036161079
8788031173
8411051362
8623897326
9284920562
9158403056
7499998751
9545825778
7666884748
7385114931
7058047843
8180863406
7249637434
8624966115
7744804980
8530429366
9420311914
9359629875
9823524615
7798966843
7888296916
7499382022
7798739273
7058064190
8624087712
9309310894
9370867211
7249386719
7075392905
7796874176
9552678844
9637929689
7558418897
7875173847
8446375472
8767484914
8983410223
7397932825
7219199930
9373449903
8830028424
9766790867
9325028947
9028490754
8080753808
8624976072
8149290091
9689403462
7249863505
9570381172
9028294660
9823872565
9075262751
9373262935
6398365744
9607874162
9834753883
8767336748
9527079290
7350463480
7498213671
9763248962
9834312298
9309964684
8550911842
9359251255
8180904935
8550982717
8421046926
7028617089
8329146903
8080258759
9145149787
8459273282
7888280290
8767377573
9075232517
9923065213
9975757510
7217457400
9022654940
7620394965
7758058361
9326333443
7083160738
8080369366
7249456430
9921895138
7709393462
8412913219
7507999271
9322238309
7350581469
9370793787
7796466937
9657873352
9209220121
7249535798
9699877417
7028494839
9529850206
9823037483
7057943074
8080042390
7499965136
8088581388
7350392139
7757034022
8626097990
7972944873
8830011703
7972737807
8055401962
7767086072
9511683092
8080076328
7058132695
9545502328
7385628602
9730829746
8482893360
7218293985
7219200152
9156758125
9890612508
9011569782
9370283763
9156035234
9021880225
7757804127
9699451438
9022376510
9923990104
9309826531
8010966529
9657733367
9021725358
8830391103
7385357068
8381094775
9623653321
9503826179
9623638833
9764751573
6305229849
9665053466
7875010633
7887964257
7709189855
9623735064
9359120104
7249340741
9404945258
9322920711
7498102109
7499131035
9309393441
9403601193
9322382035
9156976369
7218711763
7499773989
9156906252
8446237379
7276193972
9049504237
7517431162
9370875192
8208948229
8080460388
7020595297
9370301679
7702258773
8530778433
9209338098
9049131867
8180860455
8552060946
7517853244
7058047675
9699637939
7709419166
7385532705
9850671298
9022274740
9766196900
8767275149
8855900546
8999866062
8010907069
7522911421
9322916951
9284269236
7218788403
9604954820
7972674716
9423934110
8149735464
8007842261
8483898869
7744936139
9309764220
7420893290
9834239895
9527510882
7387515371
7350138278
7385208936
7397972614
8180863884
9527106821
9356238476
6239322642
8050484452
9307580971
9146275173
8329482067
9834955665
9403691552
9623421416
8767350569
7200071232
7756881805
8975959665
7030748857
7378426580
9022543316
8379806491
9075714654
9765950737
9284912974
8055565160
8767600369
9370153103
7823882235
9665899569
9168987840
8530960407
7709597528
7083082091
7447349894
9028368367
8788046177
8847709571
8421470662
8830950864
7767074332
7620084607
7875269821
9021859914
8275745385
8010847991
8767274530
9011893256
9503921717
7507515016
8855948023
8657499928
9552948910
7517517656
7517823607
9766917516
8010544360
9307489625
9823837161
7666541499
9175243234
7499673055
8793801034
9067355658
9145193945
8208853990
9359040953
7619113851
8080168827
7385749747
9765641372
8446203818
7775967184
9923527378
8888807467
8333081440