9689115784
8329351103
8446597810
7030055965
8767021542
8554001884
8010369855
7835912404
9527319575
7744804964
7972716884
9823743971
9284919227
9921336948
7058047675
9158232638
9021503605
9309035063
7498590613
9022425319
9175739485
9552740516
9156696424
9209338098
8767300552
9370684571
8999964804
7666541499
9096017720
9356238476
9699637939
8669540394
7499597013
9423066915
8275103853
7499705890
9319297977
8983410235
9309088131
8468872116
9022858154
9699835356
8530299117
8767377573
8830580836
9766588534
7385957298
7249807614
9061431541
8600522409
8169534597
9623646362
7219093531
9511683092
7558349725
9175243234
7888280290
9730498665
9423858758
7385211899
7822841040
8149735464
8669020452
8010777176
8810338854
7028559516
7774816201
7499773989
8698122955
7620007986
7666873794