9699546672
9370873158
9403745013
9359120104
9570381172
8767336309
9921529586
7385093845
9096761965
8010544360
7743880377
8793873920
7558438455
8421715190
9607464241
9112220605
8237849046
7420068129
9423934110
7588766737
9225239116
9172307797
8830694541
9028368367
7768808036
7666846581
9373629993
9730602866
7499614914
7378426580
7058946440
7758938356
9403943352
9764751573
7498779621
9322920711
7666766549
9384679103
9420304318
7821082905
9284969308
9322326017
9356611451
9121647020
9890016940
9302032278
8983492963
9096657306
9356478581
9403681425
9860892299
7058338861