7020181389
7020299741
7057110347
7057943074
7058816029
7066308823
7249807616
7264817255
7276167466
7350138278
7350463610
7387632822
7498737850
7499036347
7499073458
7499565558
7620036920
7620394965
7666031653
7666922965
7709959842
7741853878
7755953216
7767076872
7767089173
7887677824
7888172529
8010201191
8010378930
8010945174
8177904810
8180860455
8208172896
8237343529
8237990740
8308145753
8308411546
8308935769
8329482067
8378891123
8390480953
8390947058
8407928275
8446062574
8446174256
8483944305
8484904021
8552062279
8554934166
8623009083
8624032681
8624975759
8668973432
8669908400
8767134726
8767660431
8767978089
8788059926
8855937064
8856924505
8956638549
8975959665
8983547710
8999688913
9021725358
9021870737
9028829840
9112284484
9112318072
9112846744
9156035234
9156908711
9307312486
9309826531
9322367476
9322643776
9322798088
9325929904
9356797650
9359180620
9359850536
9370134884
9370153103
9370283763
9370288461
9370525906
9371024323
9422177830
9503485647
9503921717
9503974795
9518333972
9527607168
9545507337
9545575942
9561130538
9579187234
9579332303
9588472213
9637601255
9637903033
9665242598
9665612039
9689225720
9699128948
9764381863
9766591675
9766598284
9822340104
9822536654
9823209539
9823508666
9823837161
9834806942
9834923266
9890889056
9921623484
9922519150
9923065213
9923527378
9923713025
9923990104
9975506000
9975746316