9657777456
9325296264
7350392139
7470934347
7028318740
9699877417
9370665784
8767287105
9699154886
8237943078
9834936267
9665894293
9665053466
9359040953
8308330801
7666623571
9022353346
9356399176
9011056259
7218293985
8767093320
9022123172
8080946005
8080122182
9022009474
9322169657
7057530377
7756881805
9527538676
8390226485
8767558054
9356957418
7499965136
9356626160
9021895510
9284888671
8767060053
7498711373
8766801667
7620407357
9307489625
9588419280
9172080007
9146630915
7498934547
9423260377
7385680792
9156411322
9356063563
9423811893
9766376251
7249620996
9699722601
9403601193
9145777923
9860321398
9529850206
9309310894
9921964644
9175986112
7020198669
9359555184
9049644908
9022543316
9356318870
8149240125
7843038911
7499767412
8999207318
7821808947
9356957418
9922277553
9359052129
8380945579
6302833154
9356829315
8010847991
9552778437
9404088117
9021933936
7030001042
7058548510
8600073906
7028373062
7709553810
9022746514
8767993086
8080237326
7709065192
7498765517
8657304112
7709869270
9356858076
9322375481
9172512104
9823868354
9022734703