8237943078
7020161324
7262887773
7058548510
7499767412
8080946005
7470934347
9325296264
9021933936
9021895510
7350392139
9156411322
9960036782
9588642353
7756881805
9356626160
9307489625
9699154886
9011056259
9529850206
7666623571
9359040953
9860321398
8657304112
9356318870
9527538676
7843945555
7498711373
9921964644
7666455366
7028318740
8390226485
9022353346
7821808947
8767558054
7758992012
9146375066
9665053466
9561795142
9022009474
8767287105
9922277553
9588419280
7709553810
8766801667
9307984568
7843038911
7385680792
9096517058
7020198669
9356829315
9022123172
9579904057
9823033411
9356399176
8380936591
7219429896
9356858076
9322375481
7498570248
9359555184
9322169657
8999207318
9823868354
9657777456
9423260377
9356063563
7057530377
9404088117
8949122605
7471152868
9284888671
9022734703
9175986112
7499965136
9307712638
6302833154
9665894293
7709065192
7218293985
6305229849
9356957418
9730253022
9356207132
9552778437
8308330801
9172080007
9049644909
9699877417
8149240125
7620407357
8767093320
9309310894
9423811893
9834936267
9146630916
9403601193
7709869270
8767060053
8080122182
9370665784
9172276594
9766376251
8767993086
8208948815
9307467318
9309764220
7048846202
9307218618
7558418897
9359052129
7030001042
9067129673
7498213671
9850706126
7666320582
7083082091
9850671298
7058132695
9511206423
7262890549
7498124978
9975053576
7499015150
7387653745
8208328821
7249339078
7057796010
8793801034
1234567891
8010194286
8137928722
9074281662
6200848399
9061355729
9404945258
9172142195
8329623179
9863603104
